Top Fitness:[130.0 130.0 130.0 130.0 277.]
Top Fitness:[910.2 910.2 910.4 912.9 913.8]
Top Fitness:[530.7 530.9 532.4 532.6 533.5]
Top Fitness:[216.0 217.0 217.0 217.6 219.0]
Top Fitness:[127.8 127.9 127.9 442.4 498.5]
Top Fitness:[227.2 227.2 227.2 228.1 381.2]
Top Fitness:[1092.2 1095.0 1095.1 1236.3 1929.1]
Top Fitness:[977.3 981.0 1199.3 1429.9 1865.6]
Top Fitness:[2133.7 2755.0 3181.9 3687.1 4865.8]
Top Fitness:[3565.5 3595.0 4805.0 4861.9 5021.3]
Top Fitness:[5100.7 5112.9 5115.8 5128.0 5128.8]
Top Fitness:[5051.9 5052.0 5067.8 5068.1 5071.8]
Top Fitness:[5273.4 5329.6 5330.6 5365.0 5365.8]
Top Fitness:[5086.7 5086.7 5090.3 5090.4 5090.5]
Top Fitness:[5071.5 5132.3 5143.3 5144.2 5145.9]
Top Fitness:[5010.3 5010.3 5010.4 5010.4 5040.4]
Top Fitness:[5167.1 5167.2 5253.8 5253.8 5253.9]
Top Fitness:[5196.3 5196.3 5306.7 5306.8 5309.7]
Top Fitness:[5239.4 5239.6 5312.8 5312.9 5330.0]
Top Fitness:[5165.3 5165.4 5165.4 5169.2 5169.2]
Top Fitness:[5067.4 5067.5 5067.5 5067.5 5071.5]
Top Fitness:[5138.9 5138.9 5138.9 5139.0 5197.1]
Top Fitness:[5201.0 5244.1 5244.1 5269.1 5269.1]
Top Fitness:[5084.8 5084.9 5084.9 5088.5 5088.6]
Top Fitness:[5118.3 5122.3 5122.3 5126.0 5126.1]
Top Fitness:[4874.2 4877.1 4878.0 4878.0 4918.2]
Top Fitness:[4871.4 4871.5 4871.5 4871.5 5112.2]
Top Fitness:[5199.7 5199.7 5208.5 5208.6 5208.7]
Top Fitness:[5331.9 5335.8 5335.9 5335.9 5363.4]
Top Fitness:[5333.6 5333.6 5333.7 5333.8 5349.9]
Top Fitness:[5206.6 5206.7 5206.7 5206.8 5211.0]
Top Fitness:[4934.8 4934.8 4934.8 4938.6 4938.6]
Top Fitness:[4935.5 4935.8 4982.0 4982.8 4987.0]
Top Fitness:[5181.4 5181.4 5185.3 5185.3 5185.3]
Top Fitness:[4893.3 4893.3 4893.4 4893.4 4896.1]
Top Fitness:[5045.7 5045.7 5045.7 5045.8 5049.7]
Top Fitness:[5285.8 5286.8 5290.8 5290.9 5344.9]
Top Fitness:[5034.6 5034.8 5176.8 5178.0 5178.0]
Top Fitness:[4864.9 4864.9 4986.6 4986.7 4990.6]
Top Fitness:[5280.9 5280.9 5321.3 5322.1 5322.2]
Top Fitness:[5128.5 5128.6 5249.2 5249.5 5253.5]
Top Fitness:[4938.8 4938.8 4954.8 4954.9 5091.6]
Top Fitness:[4953.9 4954.0 4954.8 4955.0 4957.8]
Top Fitness:[5107.1 5107.1 5107.1 5133.3 5133.3]
Top Fitness:[5136.5 5152.3 5152.3 5156.0 5273.2]
Top Fitness:[5166.8 5166.8 5170.8 5170.9 5288.1]
Top Fitness:[5167.4 5167.4 5219.5 5219.6 5286.7]
Top Fitness:[4972.0 4972.1 4972.2 4972.2 4975.1]
Top Fitness:[5199.7 5211.5 5211.5 5212.2 5216.5]
Top Fitness:[5171.2 5206.3 5207.3 5263.6 5341.7]
Top Fitness:[5296.0 5315.7 5315.8 5316.0 5344.9]
Top Fitness:[5102.8 5102.8 5102.8 5102.9 5129.0]
Top Fitness:[5248.9 5248.9 5252.6 5252.6 5256.5]
Top Fitness:[5232.8 5232.9 5232.9 5232.9 5232.9]
Top Fitness:[5245.7 5245.7 5249.3 5249.4 5249.5]
Top Fitness:[5120.0 5120.1 5120.1 5120.1 5122.8]
Top Fitness:[5053.6 5053.7 5053.7 5053.8 5055.5]
Top Fitness:[5258.9 5258.9 5259.0 5259.0 5262.7]
Top Fitness:[5341.0 5344.9 5345.0 5348.8 5348.9]
Top Fitness:[5011.8 5011.8 5011.8 5011.8 5011.9]
Top Fitness:[5200.5 5200.6 5219.6 5219.8 5221.4]
Top Fitness:[5206.9 5206.9 5206.9 5207.0 5208.7]
Top Fitness:[4966.5 4966.6 5029.9 5031.0 5031.1]
Top Fitness:[4982.4 4982.4 4998.3 4998.3 5001.3]
Top Fitness:[5277.1 5277.1 5319.7 5319.7 5323.6]
Top Fitness:[5008.5 5008.5 5046.6 5046.6 5050.6]
Top Fitness:[5204.6 5204.6 5207.4 5207.4 5207.5]
Top Fitness:[4876.5 4876.5 4880.1 4880.1 4880.3]
Top Fitness:[5213.2 5213.2 5213.2 5269.5 5272.2]
Top Fitness:[5105.6 5105.7 5168.7 5168.8 5172.8]
Top Fitness:[5203.8 5203.9 5207.7 5207.9 5211.8]
Top Fitness:[5016.8 5020.6 5020.6 5028.7 5028.9]
Top Fitness:[4948.4 4948.5 4955.6 4956.5 4977.7]
Top Fitness:[5045.5 5045.5 5045.7 5110.8 5257.5]
Top Fitness:[5122.6 5122.6 5126.3 5126.5 5129.6]
Top Fitness:[5424.2 5424.2 5424.3 5426.0 5426.1]
Top Fitness:[5007.1 5007.1 5007.1 5018.7 5113.7]
Top Fitness:[5119.4 5119.4 5119.5 5120.3 5121.4]
Top Fitness:[4990.6 4990.8 5089.2 5089.2 5196.7]
Top Fitness:[5213.0 5213.0 5213.0 5239.7 5240.5]
Top Fitness:[4986.7 4988.2 4988.4 4992.2 5144.2]
Top Fitness:[5214.3 5214.3 5214.4 5305.3 5311.9]
Top Fitness:[5433.1 5433.1 5453.0 5468.2 5469.1]
Top Fitness:[5184.2 5184.4 5185.2 5285.5 5294.6]
Top Fitness:[5264.2 5264.3 5264.3 5268.0 5268.1]
Top Fitness:[5246.2 5246.3 5249.1 5249.1 5249.2]
Top Fitness:[5324.7 5324.7 5409.1 5409.1 5409.2]
Top Fitness:[5543.6 5617.8 5617.8 5617.8 5634.0]
Top Fitness:[5283.0 5286.9 5286.9 5286.9 5289.7]
Top Fitness:[5471.0 5471.1 5471.1 5471.1 5473.7]
Top Fitness:[5293.1 5293.1 5309.1 5309.1 5309.2]
Top Fitness:[5344.9 5344.9 5344.9 5345.0 5368.3]
Top Fitness:[5292.0 5292.0 5292.1 5292.2 5296.0]
Top Fitness:[5402.9 5437.1 5437.2 5437.2 5439.9]
Top Fitness:[5166.2 5166.3 5174.2 5174.2 5177.1]
Top Fitness:[5306.9 5310.4 5310.5 5310.6 5314.6]
Top Fitness:[5192.1 5192.1 5194.8 5194.9 5195.0]
Top Fitness:[5407.4 5407.4 5410.0 5410.0 5410.1]
Top Fitness:[5191.8 5191.8 5193.5 5193.6 5193.6]
Top Fitness:[5448.2 5448.2 5448.2 5448.3 5452.0]
Top Fitness:[5233.1 5277.9 5278.0 5278.3 5286.0]
Top Fitness:[5511.9 5541.4 5541.4 5545.5 5549.2]
Top Fitness:[5269.3 5272.0 5272.1 5272.1 5337.9]
Top Fitness:[5316.0 5316.1 5319.8 5319.9 5319.9]
Top Fitness:[5066.5 5067.3 5067.3 5067.4 5067.4]
Top Fitness:[5242.1 5253.9 5253.9 5253.9 5256.5]
Top Fitness:[5246.6 5246.7 5246.7 5246.7 5246.7]
Top Fitness:[5251.3 5277.6 5277.6 5280.4 5280.4]
Top Fitness:[5180.0 5180.1 5180.1 5180.1 5228.2]
Top Fitness:[5258.0 5258.0 5258.1 5261.7 5261.9]
Top Fitness:[5425.0 5425.0 5425.0 5425.1 5425.1]
Top Fitness:[5234.2 5242.1 5242.1 5242.1 5250.1]
Top Fitness:[5244.2 5244.3 5327.4 5327.5 5327.5]
Top Fitness:[5093.3 5094.2 5094.2 5094.3 5098.2]
Top Fitness:[5240.5 5240.6 5240.6 5240.7 5242.5]
Top Fitness:[5566.1 5566.1 5566.1 5566.2 5569.7]
Top Fitness:[5311.9 5311.9 5312.8 5312.8 5315.8]
Top Fitness:[5163.7 5163.7 5167.2 5167.4 5167.4]
Top Fitness:[5257.5 5257.5 5257.5 5257.5 5299.8]
Top Fitness:[5382.1 5385.6 5385.7 5385.7 5392.1]
Top Fitness:[5204.3 5204.3 5211.4 5263.2 5483.6]
Top Fitness:[5345.1 5345.2 5354.2 5354.2 5354.4]
Top Fitness:[5443.1 5443.9 5444.8 5448.0 5448.0]
Top Fitness:[5492.9 5493.0 5493.0 5493.0 5493.0]
Top Fitness:[5148.1 5148.2 5148.6 5150.9 5150.9]
Top Fitness:[5174.3 5175.2 5175.3 5175.4 5178.3]
Top Fitness:[5440.8 5444.6 5444.7 5444.8 5448.5]
Top Fitness:[5551.8 5551.8 5551.8 5551.8 5553.6]
Top Fitness:[5485.6 5485.7 5485.7 5485.7 5485.8]
Top Fitness:[5377.8 5377.8 5377.9 5377.9 5404.3]
Top Fitness:[5791.4 5905.5 5905.6 5907.2 5907.4]
Top Fitness:[5432.0 5432.0 5432.1 5435.8 5435.9]
Top Fitness:[5396.9 5396.9 5396.9 5396.9 5551.5]
Top Fitness:[5405.6 5413.3 5413.4 5413.5 5417.2]
Top Fitness:[5224.4 5224.4 5224.4 5278.0 5281.1]
Top Fitness:[5448.5 5448.5 5451.3 5451.4 5501.7]
Top Fitness:[5552.2 5552.2 5552.2 5552.4 5611.0]
Top Fitness:[5345.1 5353.1 5353.2 5361.1 5361.1]
Top Fitness:[5255.8 5255.8 5255.9 5255.9 5255.9]
Top Fitness:[5256.2 5256.2 5256.2 5256.3 5259.6]
Top Fitness:[5123.1 5123.1 5123.1 5162.6 5166.5]
Top Fitness:[5144.1 5144.4 5148.1 5148.2 5148.2]
Top Fitness:[5256.6 5256.6 5260.0 5260.2 5260.3]
Top Fitness:[5211.6 5211.6 5349.2 5349.2 5349.3]
Top Fitness:[5417.8 5417.9 5419.3 5419.4 5419.6]
Top Fitness:[4989.1 4989.1 4989.1 5119.5 5179.2]
Top Fitness:[5322.3 5322.3 5322.3 5351.9 5351.9]
Top Fitness:[5162.1 5162.1 5162.1 5162.2 5162.2]
Top Fitness:[5359.3 5361.0 5361.1 5361.1 5361.1]
Top Fitness:[5363.5 5363.5 5370.4 5371.5 5373.5]